54
0 1 0.94929870820411423293478260869565 
1 0 0.94929870820411423293478260869565 
1 2 0.94873813145353969123736263736264 
1 4 0.94757075165417408724285714285714 
2 1 0.94873813145353969123736263736264 
2 3 0.94918056084508425060434782608696 
3 2 0.94918056084508425060434782608696 
3 5 0.94776393281512177106222222222222 
4 1 0.94757075165417408724285714285714 
4 7 0.94974866937118537235000000000000 
5 3 0.94776393281512177106222222222222 
5 8 0.94947984047653246252222222222222 
6 7 0.94882700701121710197222222222222 
7 4 0.94974866937118537235000000000000 
7 6 0.94882700701121710197222222222222 
7 10 0.94934100650807213563695652173913 
8 5 0.94947984047653246252222222222222 
8 9 0.93803418998993793312637362637363 
8 11 0.93783531587867966645217391304348 
9 8 0.93803418998993793312637362637363 
10 7 0.94934100650807213563695652173913 
10 12 0.94640129882732223459021739130435 
11 8 0.93783531587867966645217391304348 
11 14 0.93650967174212423098791208791209 
12 10 0.94640129882732223459021739130435 
12 13 0.94697229607565177525698924731183 
12 15 0.93603336685861586540760869565217 
13 12 0.94697229607565177525698924731183 
13 14 0.94127908450860645816666666666667 
14 11 0.93650967174212423098791208791209 
14 13 0.94127908450860645816666666666667 
14 16 0.93068694109741161005494505494505 
15 12 0.93603336685861586540760869565217 
16 14 0.93068694109741161005494505494505 
16 19 0.91440541350914444202173913043478 
17 18 0.64905501567008614046218487394958 
18 17 0.64905501567008614046218487394958 
18 21 0.64555391144537149872881355932203 
19 16 0.91440541350914444202173913043478 
19 20 0.94470217295499190674444444444444 
19 22 0.93571820719271273520879120879121 
20 19 0.94470217295499190674444444444444 
21 18 0.64555391144537149872881355932203 
21 23 0.74840552949675621000900900900901 
22 19 0.93571820719271273520879120879121 
22 25 0.93568728631990688540659340659341 
23 21 0.74840552949675621000900900900901 
23 24 0.92473615548511082956067415730337 
24 23 0.92473615548511082956067415730337 
24 25 0.93654463171837537105842696629213 
25 22 0.93568728631990688540659340659341 
25 24 0.93654463171837537105842696629213 
25 26 0.93371006708243076522826086956522 
26 25 0.93371006708243076522826086956522 
