54
0 1 0.9937057669829992280000000000 
1 0 0.9937057669829992280000000000 
1 2 0.9947818295456460624000000000 
1 4 0.9910030187284208370000000000 
2 1 0.9947818295456460624000000000 
2 3 0.9942667536130707640000000000 
3 2 0.9942667536130707640000000000 
3 5 0.9932230689492710370000000000 
4 1 0.9910030187284208370000000000 
4 7 0.9937088658087849800000000000 
5 3 0.9932230689492710370000000000 
5 8 0.9950620170240428720000000000 
6 7 0.9939792541712329510000000000 
7 4 0.9937088658087849800000000000 
7 6 0.9939792541712329510000000000 
7 10 0.9956317686422590800000000000 
8 5 0.9950620170240428720000000000 
8 9 0.9893674568238541300000000000 
8 11 0.9929765186119031695000000000 
9 8 0.9893674568238541300000000000 
10 7 0.9956317686422590800000000000 
10 12 0.9916426086774819960000000000 
11 8 0.9929765186119031695000000000 
11 14 0.9875785934912744420000000000 
12 10 0.9916426086774819960000000000 
12 13 0.9956903854310607260000000000 
12 15 0.9906690838060226430000000000 
13 12 0.9956903854310607260000000000 
13 14 0.9881481854996799200000000000 
14 11 0.9875785934912744420000000000 
14 13 0.9881481854996799200000000000 
14 16 0.9769330563077797400000000000 
15 12 0.9906690838060226430000000000 
16 14 0.9769330563077797400000000000 
16 19 0.9615898324641845600000000000 
17 18 0.9846419483787177400000000000 
18 17 0.9846419483787177400000000000 
18 21 0.9747488438403106580000000000 
19 16 0.9615898324641845600000000000 
19 20 0.9886459245674013300000000000 
19 22 0.9915565167480605570000000000 
20 19 0.9886459245674013300000000000 
21 18 0.9747488438403106580000000000 
21 23 0.9873375924299440660000000000 
22 19 0.9915565167480605570000000000 
22 25 0.9424878097501649950000000000 
23 21 0.9873375924299440660000000000 
23 24 0.9946215905886532370000000000 
24 23 0.9946215905886532370000000000 
24 25 0.9858003517786074750000000000 
25 22 0.9424878097501649950000000000 
25 24 0.9858003517786074750000000000 
25 26 0.9204733035072301400000000000 
26 25 0.9204733035072301400000000000 
