54
0 1 0.98799852620543883533333333333333 
1 0 0.98799852620543883533333333333333 
1 2 0.99333880217854633356000000000000 
1 4 0.98705611533570331036666666666667 
2 1 0.99333880217854633356000000000000 
2 3 0.99195584186334149566666666666667 
3 2 0.99195584186334149566666666666667 
3 5 0.99298239913542695740000000000000 
4 1 0.98705611533570331036666666666667 
4 7 0.98803243562092441703333333333333 
5 3 0.99298239913542695740000000000000 
5 8 0.99446661321335921294000000000000 
6 7 0.99091199263384600606666666666667 
7 4 0.98803243562092441703333333333333 
7 6 0.99091199263384600606666666666667 
7 10 0.99291602045991334184000000000000 
8 5 0.99446661321335921294000000000000 
8 9 0.99147716609315509530000000000000 
8 11 0.99292373448298453616666666666667 
9 8 0.99147716609315509530000000000000 
10 7 0.99291602045991334184000000000000 
10 12 0.99031433391407025666666666666667 
11 8 0.99292373448298453616666666666667 
11 14 0.99136375544798261040000000000000 
12 10 0.99031433391407025666666666666667 
12 13 0.98596688744361947930000000000000 
12 15 0.99129355555762601600000000000000 
13 12 0.98596688744361947930000000000000 
13 14 0.97726747469524340100000000000000 
14 11 0.99136375544798261040000000000000 
14 13 0.97726747469524340100000000000000 
14 16 0.98321472224998978633333333333333 
15 12 0.99129355555762601600000000000000 
16 14 0.98321472224998978633333333333333 
16 19 0.96639999710703206273333333333333 
17 18 0.97558625667128137633333333333333 
18 17 0.97558625667128137633333333333333 
18 21 0.95874747122055987520000000000000 
19 16 0.96639999710703206273333333333333 
19 20 0.98814613712148478186666666666667 
19 22 0.99105799169092247980000000000000 
20 19 0.98814613712148478186666666666667 
21 18 0.95874747122055987520000000000000 
21 23 0.98990897850551768180000000000000 
22 19 0.99105799169092247980000000000000 
22 25 0.98732112872123832986666666666667 
23 21 0.98990897850551768180000000000000 
23 24 0.99359372917952601590000000000000 
24 23 0.99359372917952601590000000000000 
24 25 0.99324940074646694276666666666667 
25 22 0.98732112872123832986666666666667 
25 24 0.99324940074646694276666666666667 
25 26 0.98278218790231671560000000000000 
26 25 0.98278218790231671560000000000000 
