54
0 1 0.99109702201117397316666666666667 
1 0 0.99109702201117397316666666666667 
1 2 0.99374151512460712587954545454545 
1 4 0.98962221600681553019545454545455 
2 1 0.99374151512460712587954545454545 
2 3 0.99191104972782448605111111111111 
3 2 0.99191104972782448605111111111111 
3 5 0.99177917458742463118409090909091 
4 1 0.98962221600681553019545454545455 
4 7 0.99168561855769563860222222222222 
5 3 0.99177917458742463118409090909091 
5 8 0.99405419789269179755333333333333 
6 7 0.99262007364644619062272727272727 
7 4 0.99168561855769563860222222222222 
7 6 0.99262007364644619062272727272727 
7 10 0.99253193454017366350000000000000 
8 5 0.99405419789269179755333333333333 
8 9 0.99200396680298255512500000000000 
8 11 0.99256410618594424308000000000000 
9 8 0.99200396680298255512500000000000 
10 7 0.99253193454017366350000000000000 
10 12 0.98867328615908066384444444444444 
11 8 0.99256410618594424308000000000000 
11 14 0.99116717982880592769090909090909 
12 10 0.98867328615908066384444444444444 
12 13 0.98633674570076534940888888888889 
12 15 0.99017259039638155837777777777778 
13 12 0.98633674570076534940888888888889 
13 14 0.97798399829990549421590909090909 
14 11 0.99116717982880592769090909090909 
14 13 0.97798399829990549421590909090909 
14 16 0.98441557304861257234883720930233 
15 12 0.99017259039638155837777777777778 
16 14 0.98441557304861257234883720930233 
16 19 0.96775973305903182152272727272727 
17 18 0.97902014935252578663157894736842 
18 17 0.97902014935252578663157894736842 
18 21 0.96051304862942288489473684210526 
19 16 0.96775973305903182152272727272727 
19 20 0.98716499954337474497777777777778 
19 22 0.99029812946296744963636363636364 
20 19 0.98716499954337474497777777777778 
21 18 0.96051304862942288489473684210526 
21 23 0.98853309106535618373170731707317 
22 19 0.99029812946296744963636363636364 
22 25 0.98914736661744506807954545454545 
23 21 0.98853309106535618373170731707317 
23 24 0.99028742043736898000975609756098 
24 23 0.99028742043736898000975609756098 
24 25 0.99069007081522484981190476190476 
25 22 0.98914736661744506807954545454545 
25 24 0.99069007081522484981190476190476 
25 26 0.98658358078920481368181818181818 
26 25 0.98658358078920481368181818181818 
